278791
193285
424436
186603
903113
434125
552940
665164
640066
355143
393218
651058
918682
407975
713630
845870
127505
182924
947872
853522
105568
870815
348589
664170
985029
900304
419346
479338
938866
974727
863586
446423
369337
652183
226773
920415
234990
476782
736527
281013
318686
440342
421145
043351
681673
782262
465163
215784
867098
892104
678013
844055
417296
682622
223680
564539
796432
538825
219681
724100
558489
706888
011567
222955
943228
509107
961230
296958
395853
629511
599992
410500
074960
386217
573549
360880
474591
852107
694383
902516
596868
521451
889382
988385
807962
510719
886596
553954
491964
047620
119654
549777
471941
759354
837505
227559
786499
419094
333873
384567
225238
167386
376997
429884
729093
340652
340078
927047
900114
518578
138140
317650
363199
574559
911681
545687
811926
236619
267395
187811
201755
323087
033840
415737
255476
659913
752978
229640
233813
082295
900820
179874
282215
803965
071608
435116
273867
831182
999738
136108
548545
117320
456529
799697
338159
337935
526260
448747
784521
655374
565986
824138
354357
659622
099823
369077
449691
164500
811531
366801
383637
778806
989221
291260
860081
547180
337945
994907
253164
070507
927993
299364
009918
197078
938361
094550
379742
383558
409158
648323
202306
679216
238093
206494
496452
731592
878272
036072
637212
552445
403173
186033
157873
544120
069284
125420
768837
620396
916508
382541
423461
379996
061996
480026
214994
857215
754462
500326
804816
074120
304580
021637
475395
827533
371496
875132
880984
215656
648851
913956
712570
787514
058740
792376
778924
088549
689430
281919
680988
300887
630568
958289
039572
227388
755848
011301
858233
319044
863630
455456
565416
682049
935445
155780
104407
888759
901728
574764
984284
247567
309212
368769
655774
080009
373760
094613
197229
479881
156142
465382
941634
537374
220036
975152
934501
149606
230444
220809
223313
198287
615382
459098
218895
073285
722306
551143
225544
928297
392051
343598
284329
812039
213347
938705
680196
350455
298975
873826
960888
490597
081374
467819
270375
905911
603849
732659
952764
006192
744830
617710
