949.27849567024
994.41801575578
535.20292810792
668.24616218732
469.21720481742
664.17406303673
822.18237793444
648.61331860511
147.21827477346
277.13389301247
968.7278966342
227.47169281385
665.88260993866
373.5812232824
402.6825915717
561.66197688106
732.04140712929
441.77247907136
402.10574199363
428.30658198385
396.9903794824
316.36679933689
882.80055477586
663.43173389752
855.46084975692
148.21901218267
412.08309872847
117.63377853418
384.1964588115
774.36773025187
501.59674218092
716.08798914623
794.10227704078
932.52300049144
243.63276050165
795.41190259006
924.54961970713
438.42225702438
421.52432765206
412.74660448785
619.29119816562
311.30674880923
143.323093002
795.03168943742
547.00646458138
630.53377823012
461.14272389764
839.02398824872
629.34994730506
400.20398724566
717.77414027082
529.78131563133
494.81071645371
921.93945951974
549.73802480997
836.80863352617
166.35076704332
453.31334512441
515.0975080173
768.31236660337
177.69862431833
792.85946164208
234.07326884834
265.05262358687
545.80006479459
465.41008318045
336.16159290003
853.56581386788
976.69541643784
981.31386208339
450.73488745715
296.15899082661
807.50238194854
689.35737140405
431.82141900826
771.63773448812
606.84045436241
710.58667864793
816.59152916945
426.47469087986
399.30718511917
634.44800598855
903.75894389825
793.62517896495
190.55642737356
796.79037465067
574.49751617245
981.02578178675
235.17682214953
864.69539330302
395.33093909097
650.77442667216
615.83672609896
161.70357472296
853.25094614452
302.8052125723
947.07808445772
118.7537585067
578.07205976343
664.17927233167
281.56574531738
287.97113712509
895.19026726742
488.0933792407
209.68665362108
958.76331000606
958.04324295432
621.25946550991
800.02195385285
148.62467418696
561.46764335793
113.23764112187
742.61207992712
460.93971478203
444.21203924985
677.68871334145
617.71738508832
106.15323385347
451.02984335257
536.09042558708
222.54639455079
246.79557323878
226.66551523663
424.24827803532
909.01934483137
752.31151176637
638.81335407894
992.65773841772
408.98184577611
690.31749684815
786.34842675785
440.29900087027
408.48637770629
188.46349653032
911.83555254051
220.24174505313
351.87012372997
819.61562630309
713.220199359
113.78055233198
292.16217122656
801.10271198345
445.98603048642
426.7169302192
172.91251020195
598.59678115873
854.57853307454
184.86975230798
763.50107227235
719.66696168564
366.03949817169
187.8408344931
655.15824156644
603.69692565564
530.69475397439
867.76218989156
965.17966941222
869.47274088427
247.85399091198
775.76329785225
448.19959317798
221.72101005587
434.97392002358
129.72228900548
802.57389566404
356.38765196351
255.15050155988
154.46610847863
660.22147843919
943.65000335816
638.31943287217
396.94349331338
873.41758278479
234.40044819338
324.59777409836
142.24643148106
671.13515711578
740.63019381787
302.79378187885
194.06979255213
153.17854678702
374.52490487246
577.88925248639
934.89327369447
521.6625267873
633.91523634949
441.29581098238
299.90798628729
646.02444276706
564.48260348044
129.93870692171
581.79740175617
147.20031339272
116.58829399388
133.55732667989
770.0925151176
403.22144766211
770.89902503358
778.6641844737
914.8442212764
858.24893314063
986.8352000786
939.76404451138
882.89877198776
818.24547989439
757.70551623704
878.7015294796
341.43245139846
647.11814450782
254.7761062216
272.20362852696
476.24070859677
378.90769257592
812.42198896257
600.46302762572
918.59564075655
987.71222322884
783.9758376607
264.92587595084
296.49258225633
693.21588233749
160.83367904489
749.58652832502
610.06217781325
439.39294899731
634.68743574515
735.723247947
844.04043366691
467.87574641086
931.18896166313
370.35418953581
324.35955299876
856.82859519612
872.22606071083
909.41245088422
193.58988531266
841.49689042938
170.21158674633
656.39875280555
411.64112043671
925.97348597457
381.20851074822
618.17940386879
870.51861056874
134.31629371203
454.03469082127
924.02319719373
210.91322004283
869.61944896273
526.61202459321
787.99462095578
276.4904369618
309.21624449999
561.00343818231
260.2575384192
690.68770882504
829.17401323383
511.32194347606
506.77623014898
784.80883535369
370.17964672347
300.42942581461
219.8453596171
499.78464514045
532.5644411744
674.14771752607
855.42844819383
538.60010002567
901.5244874497
490.17721079097
723.56268701748
679.76110288282
701.9716267194
208.43075295963
627.41475751683
979.1570580758
325.13122224493
860.51934545882
740.4007832579
764.05954557008
795.28887438225
220.05073449859
349.33359816291
167.07487287022
702.28513197954
954.16646051318
792.34326996603
785.83951384564
733.08479202618
138.96695023449
414.36447361601
369.83628168415
334.1805047391
264.44878416137
243.27735624947
457.98522480898
155.16703357168
724.13636827135
558.5095433393
796.25093979627
