2086206
3193713
4904564
5590322
1438835
0801577
4291919
2897947
1553774
6164493
9976156
4646517
1450924
5203627
8476853
3028838
9028630
9870890
4526369
5154325
3562164
1839946
0848898
6572745
0501066
1652342
1264038
0371854
8317656
3109873
5751996
3870429
1190437
0557570
2422549
5045741
6708302
5644966
1831686
7282294
1246471
8666004
9889482
0025379
8726047
2154785
4045651
8783440
1768049
5132209
7950197
4389381
7979499
3615039
6399632
0193847
1587469
9588818
2478374
9593069
9711598
6181008
2457978
4391639
4461080
7016673
2669576
9009756
5143904
1505583
8416591
8693297
4404185
8335342
7051854
6800655
0022798
5168431
0017784
1380756
3429092
2101735
3419313
8315959
8037433
1166674
2110546
2780815
7413480
4849101
2251714
0410520
0955294
5658092
1205659
8738963
0130214
4101742
3646467
2281832
8311952
7884386
6568009
3845158
7050371
7079056
5097857
6504464
0293068
5356646
0907891
3492439
4354640
6818376
1292603
9966978
6499037
1493044
0782783
9671574
1090932
9262826
3733579
5321186
8467950
6577000
6453426
6627480
9463608
1153394
0150328
0437852
2258566
2217181
3160872
2612651
0780532
0800330
9831741
8334791
6714561
2326063
1752217
9370483
2623900
9556249
9107309
9162669
8948542
1125668
2112593
0260363
5969057
3989832
4960107
8765257
3922809
2402099
7801265
2544820
8674361
9264657
1969892
3072291
0765282
0968553
6923159
4266855
2159920
4805248
9075699
4690031
3099184
1776074
1549297
7772258
1230465
0265308
3696016
4502134
0965809
2011606
3143448
1702537
4783113
9984798
8673337
8436351
5562789
4618619
9106477
3117705
1163542
7365388
5136276
6788111
4279277
1601836
9139570
5021087
2043168
5724412
1159988
8113540
7127509
8912665
8487823
9012181
3738597
8092074
6696260
9545957
0803126
7538367
5813257
7278315
3847866
4260588
3475402
5510304
7209517
0249642
8517909
5913526
8203059
4090877
5955368
5111458
7418256
2973690
9650441
3265758
7793241
3878790
5278587
3385291
6821418
8394568
0929777
6253977
2903832
5357396
7858516
5478285
4533112
7234629
0521592
1834268
5104544
7978739
8142208
3153278
8128553
1547938
8782471
4334025
3091010
9468346
7886936
4145476
1235699
7342066
3271920
7722422
5912863
6589674
6422436
3363757
5001748
3829354
9269978
5551731
2479329
0045467
0188261
9386467
3625210
6140539
8259268
5754485
6220183
4642235
2343441
2845204
4687397
2875124
8647030
5492492
2448930
0719450
1685767
9410177
8964606
6167116
4942637
2754537
1128135
9607663
4215390
7719536
