71459677
36452756
42588194
46618767
20410062
76782886
20527446
79945084
98978944
85378067
19033165
71012884
54565865
50816996
44988877
10351132
25267514
51277906
37525165
48776279
27741642
23799364
59575882
20003317
41802237
76502392
07424956
45186567
00386797
21875149
99516348
27264077
28560089
54132404
67139305
89237580
27476271
89402515
25550722
22658887
93512081
99405527
23751386
86575581
26097042
49259515
92329014
84064309
87808297
73411835
31090645
34109266
44691303
18156215
68500566
65916275
18940243
34737633
31397930
25992906
13021226
59649761
98878229
68160631
85261897
05713826
92397931
87120205
16263359
41258206
41158411
17087291
92375363
08533091
03646331
76618093
46403315
51208555
72837494
30455431
33883518
98206593
64111681
85264570
56076257
14682498
22090064
83387949
78870936
82329040
45055870
25095301
65013803
90048913
32784101
72545211
82597611
34428735
94146878
99713620
12917130
16262474
37352907
26072309
84219391
39904080
38521908
81689252
94446790
54142831
83917716
94859520
05420609
48188660
15672385
05494211
76110701
08091955
60318236
64582685
42146653
97350987
59585464
57247843
49239175
58843882
57926676
10116828
36472389
76367740
48142101
69510162
65769361
20658182
43496220
55918857
99609344
71048607
96102358
83408444
13570398
08086860
88612546
85434628
79059685
61140128
21347631
45173549
06360883
39713434
39077085
67062210
23223326
53946956
82818768
70642795
18555985
80840408
94911558
52754621
52170538
32508269
89195773
37427866
96430814
59153405
40657378
40977424
18642548
83947951
42475674
07407561
77362885
60503419
90066705
33042393
67870087
31811587
55006248
29858416
63350047
02459624
04141762
42167310
14378739
59682076
67671885
11764024
83073428
72709355
08075938
69061047
58120975
99823176
82698262
28160046
41191223
50268642
59262644
42373984
17861207
47628463
09241541
97279538
52928799
88098692
70861712
86274482
73839089
93782025
96195668
12156518
88228102
80439255
68097365
11936120
07034267
97034486
55103566
77103087
29692925
96690568
46144063
00466570
96833943
59969187
59022921
16134451
10001081
19807851
04770551
20612761
69638798
22202444
17477486
05777797
31867343
94943413
62555171
00228632
85069276
53296035
13010742
90100875
81601266
95318000
09839987
53705404
61215987
66850660
21552911
01411431
87671700
08852398
43015587
56409698
67762160
29822018
91765075
48835961
74771553
85471662
94132189
57187788
56318073
96709991
98299209
72311452
77006063
30007781
59334308
45527922
13033527
86082366
97790603
68164420
25252714
07595893
48080507
95257031
13308442
59125419
87150273
36419823
34018981
20692007
41562565
31061997
10022806
34781927
64979506
06270975
07065323
57798617
74413471
80203563
95408327
41789293
27707845
15189138
